{
 "cells": [
  {
   "cell_type": "markdown",
   "metadata": {},
   "source": [
    "# Correlation Analysis\n",
    "\n",
    "- Matrix Correlation\n",
    "- Cross-Correlation"
   ]
  },
  {
   "cell_type": "code",
   "execution_count": null,
   "metadata": {},
   "outputs": [
    {
     "data": {
      "application/vnd.plotly.v1+json": {
       "config": {
        "plotlyServerURL": "https://plot.ly"
       },
       "data": [
        {
         "colorscale": [
          [
           0,
           "rgb(103,0,31)"
          ],
          [
           0.1,
           "rgb(178,24,43)"
          ],
          [
           0.2,
           "rgb(214,96,77)"
          ],
          [
           0.3,
           "rgb(244,165,130)"
          ],
          [
           0.4,
           "rgb(253,219,199)"
          ],
          [
           0.5,
           "rgb(247,247,247)"
          ],
          [
           0.6,
           "rgb(209,229,240)"
          ],
          [
           0.7,
           "rgb(146,197,222)"
          ],
          [
           0.8,
           "rgb(67,147,195)"
          ],
          [
           0.9,
           "rgb(33,102,172)"
          ],
          [
           1,
           "rgb(5,48,97)"
          ]
         ],
         "hovertemplate": "Correlation: %{text:.2f}<extra></extra><br>%{y}<br>%{x}",
         "reversescale": false,
         "showscale": true,
         "text": [
          [
           1,
           0.30980855072593994,
           0.08921292959054757,
           0.08937046186889323,
           0.11295451830613136,
           0.11356018230713166,
           0.030064847731760044,
           0.10857713071810537,
           0.045425879126339656,
           0.2169208801573137,
           0.09066414190170462,
           -0.07045368503348719,
           0.12417723316499724,
           0.15263091745584967,
           0.20554201091561716,
           0.09506050446709369,
           0.004502439987774794
          ],
          [
           0.30980855072593994,
           1,
           0.09693322254113677,
           0.09712234593155393,
           0.12325238799709626,
           0.12392141819180433,
           0.03485605700301979,
           0.137177151029378,
           0.049511995717939225,
           0.2673554272709081,
           0.10701289767499372,
           -0.07841989825992578,
           0.13034147644701494,
           0.16652550568108382,
           0.24411934195178914,
           0.10850867434879763,
           0.003657216186704929
          ],
          [
           0.08921292959054757,
           0.09693322254113677,
           1,
           0.9972726240868544,
           0.9378970110763613,
           0.9400687475883474,
           0.3731002793716764,
           0.20761180850261185,
           0.3072980835769687,
           0.32656510034793357,
           0.3660851491736231,
           -0.2600904534727702,
           0.43875904116184483,
           0.42293096738831665,
           0.38610429251943446,
           0.43436859602291095,
           0.05650848876201329
          ],
          [
           0.08937046186889323,
           0.09712234593155393,
           0.9972726240868544,
           1,
           0.9381254232643551,
           0.9401566009528443,
           0.3730286830730644,
           0.2060385525749096,
           0.3010073630534895,
           0.3223172688907864,
           0.36386652586785523,
           -0.25940066853882077,
           0.44029999334786774,
           0.4240910138731513,
           0.3798737067648645,
           0.4342537597634545,
           0.0547800220092217
          ],
          [
           0.11295451830613136,
           0.12325238799709626,
           0.9378970110763613,
           0.9381254232643551,
           1,
           0.9979264030152283,
           0.35312290880681046,
           0.2703157302394248,
           0.3515679666773869,
           0.4133940486908135,
           0.3656473014850011,
           -0.2923871014039469,
           0.5495903962770768,
           0.5220356176108154,
           0.4760393906187213,
           0.4586833659275695,
           0.06240306205381935
          ],
          [
           0.11356018230713166,
           0.12392141819180433,
           0.9400687475883474,
           0.9401566009528443,
           0.9979264030152283,
           1,
           0.35298334954613714,
           0.27116407067198933,
           0.3540828266881471,
           0.41547124993052836,
           0.36771822210479455,
           -0.2945112810478102,
           0.5500352706031313,
           0.522883473651885,
           0.47920557983112305,
           0.46024953927764917,
           0.06274996392780136
          ],
          [
           0.030064847731760044,
           0.03485605700301979,
           0.3731002793716764,
           0.3730286830730644,
           0.35312290880681046,
           0.35298334954613714,
           1,
           0.11939541896955727,
           0.13986735275404724,
           0.14914565772877456,
           0.12681472986348083,
           -0.10373131701667243,
           0.19061912083854446,
           0.17201903933511742,
           0.16530854459946306,
           0.1533822853308511,
           0.023807901929303262
          ],
          [
           0.10857713071810537,
           0.137177151029378,
           0.20761180850261185,
           0.2060385525749096,
           0.2703157302394248,
           0.27116407067198933,
           0.11939541896955727,
           1,
           0.5451168505268823,
           0.3619185279162168,
           0.16062550231879133,
           -0.1418382005494643,
           0.3200737221546211,
           0.25218415142522727,
           0.3726912232518179,
           0.1973002027477572,
           0.04285271146606025
          ],
          [
           0.045425879126339656,
           0.049511995717939225,
           0.3072980835769687,
           0.3010073630534895,
           0.3515679666773869,
           0.3540828266881471,
           0.13986735275404724,
           0.5451168505268823,
           1,
           0.2917054416281618,
           0.1924415965338302,
           -0.16426681305525093,
           0.29284013142879933,
           0.27345212988219486,
           0.33109622503636355,
           0.25117496739069184,
           0.03137392533138847
          ],
          [
           0.2169208801573137,
           0.2673554272709081,
           0.32656510034793357,
           0.3223172688907864,
           0.4133940486908135,
           0.41547124993052836,
           0.14914565772877456,
           0.3619185279162168,
           0.2917054416281618,
           1,
           0.3524316309668876,
           -0.07255231929192697,
           0.44331816519218953,
           0.5380293903510657,
           0.8121563109950513,
           0.43778050969112764,
           0.06264344410047337
          ],
          [
           0.09066414190170462,
           0.10701289767499372,
           0.3660851491736231,
           0.36386652586785523,
           0.3656473014850011,
           0.36771822210479455,
           0.12681472986348083,
           0.16062550231879133,
           0.1924415965338302,
           0.3524316309668876,
           1,
           -0.6518630521542517,
           0.22007558275044609,
           0.26991749703932066,
           0.4716083945694232,
           0.7323529105122503,
           0.3167765388050294
          ],
          [
           -0.07045368503348719,
           -0.07841989825992578,
           -0.2600904534727702,
           -0.25940066853882077,
           -0.2923871014039469,
           -0.2945112810478102,
           -0.10373131701667243,
           -0.1418382005494643,
           -0.16426681305525093,
           -0.07255231929192697,
           -0.6518630521542517,
           1,
           -0.2807641991598156,
           -0.2986706123134239,
           -0.3630139174221608,
           -0.6210446621189382,
           -0.30690709334584254
          ],
          [
           0.12417723316499724,
           0.13034147644701494,
           0.43875904116184483,
           0.44029999334786774,
           0.5495903962770768,
           0.5500352706031313,
           0.19061912083854446,
           0.3200737221546211,
           0.29284013142879933,
           0.44331816519218953,
           0.22007558275044609,
           -0.2807641991598156,
           1,
           0.8948432502610847,
           0.47089361888137005,
           0.39159813507452035,
           0.012767220177008251
          ],
          [
           0.15263091745584967,
           0.16652550568108382,
           0.42293096738831665,
           0.4240910138731513,
           0.5220356176108154,
           0.522883473651885,
           0.17201903933511742,
           0.25218415142522727,
           0.27345212988219486,
           0.5380293903510657,
           0.26991749703932066,
           -0.2986706123134239,
           0.8948432502610847,
           1,
           0.5736163309765099,
           0.44612000059988416,
           0.0049419566633408804
          ],
          [
           0.20554201091561716,
           0.24411934195178914,
           0.38610429251943446,
           0.3798737067648645,
           0.4760393906187213,
           0.47920557983112305,
           0.16530854459946306,
           0.3726912232518179,
           0.33109622503636355,
           0.8121563109950513,
           0.4716083945694232,
           -0.3630139174221608,
           0.47089361888137005,
           0.5736163309765099,
           1,
           0.5430936521075688,
           0.3197228814979169
          ],
          [
           0.09506050446709369,
           0.10850867434879763,
           0.43436859602291095,
           0.4342537597634545,
           0.4586833659275695,
           0.46024953927764917,
           0.1533822853308511,
           0.1973002027477572,
           0.25117496739069184,
           0.43778050969112764,
           0.7323529105122503,
           -0.6210446621189382,
           0.39159813507452035,
           0.44612000059988416,
           0.5430936521075688,
           1,
           0.33073221961095456
          ],
          [
           0.004502439987774794,
           0.003657216186704929,
           0.05650848876201329,
           0.0547800220092217,
           0.06240306205381935,
           0.06274996392780136,
           0.023807901929303262,
           0.04285271146606025,
           0.03137392533138847,
           0.06264344410047337,
           0.3167765388050294,
           -0.30690709334584254,
           0.012767220177008251,
           0.0049419566633408804,
           0.3197228814979169,
           0.33073221961095456,
           1
          ]
         ],
         "texttemplate": "%{text:.2f}",
         "type": "heatmap",
         "x": [
          "5425",
          "5427",
          "G80F11B_Level1",
          "G80F11B_Level2",
          "G80F66Y_Level1",
          "G80F66Y_Level2",
          "G80F13P_LevelPS",
          "G73F010",
          "G72F040",
          "G71F05R_LevelInlet",
          "G71F05R_LevelBasin",
          "G71F05R_position",
          "G71F04R_Level1",
          "G71F04R_Level2",
          "G71F06R_LevelInlet",
          "G71F68Y_LevelPS",
          "G71F68Yp1"
         ],
         "xgap": 1,
         "y": [
          "5425",
          "5427",
          "G80F11B_Level1",
          "G80F11B_Level2",
          "G80F66Y_Level1",
          "G80F66Y_Level2",
          "G80F13P_LevelPS",
          "G73F010",
          "G72F040",
          "G71F05R_LevelInlet",
          "G71F05R_LevelBasin",
          "G71F05R_position",
          "G71F04R_Level1",
          "G71F04R_Level2",
          "G71F06R_LevelInlet",
          "G71F68Y_LevelPS",
          "G71F68Yp1"
         ],
         "ygap": 1,
         "z": [
          [
           1,
           0.30980855072593994,
           0.08921292959054757,
           0.08937046186889323,
           0.11295451830613136,
           0.11356018230713166,
           0.030064847731760044,
           0.10857713071810537,
           0.045425879126339656,
           0.2169208801573137,
           0.09066414190170462,
           -0.07045368503348719,
           0.12417723316499724,
           0.15263091745584967,
           0.20554201091561716,
           0.09506050446709369,
           0.004502439987774794
          ],
          [
           0.30980855072593994,
           1,
           0.09693322254113677,
           0.09712234593155393,
           0.12325238799709626,
           0.12392141819180433,
           0.03485605700301979,
           0.137177151029378,
           0.049511995717939225,
           0.2673554272709081,
           0.10701289767499372,
           -0.07841989825992578,
           0.13034147644701494,
           0.16652550568108382,
           0.24411934195178914,
           0.10850867434879763,
           0.003657216186704929
          ],
          [
           0.08921292959054757,
           0.09693322254113677,
           1,
           0.9972726240868544,
           0.9378970110763613,
           0.9400687475883474,
           0.3731002793716764,
           0.20761180850261185,
           0.3072980835769687,
           0.32656510034793357,
           0.3660851491736231,
           -0.2600904534727702,
           0.43875904116184483,
           0.42293096738831665,
           0.38610429251943446,
           0.43436859602291095,
           0.05650848876201329
          ],
          [
           0.08937046186889323,
           0.09712234593155393,
           0.9972726240868544,
           1,
           0.9381254232643551,
           0.9401566009528443,
           0.3730286830730644,
           0.2060385525749096,
           0.3010073630534895,
           0.3223172688907864,
           0.36386652586785523,
           -0.25940066853882077,
           0.44029999334786774,
           0.4240910138731513,
           0.3798737067648645,
           0.4342537597634545,
           0.0547800220092217
          ],
          [
           0.11295451830613136,
           0.12325238799709626,
           0.9378970110763613,
           0.9381254232643551,
           1,
           0.9979264030152283,
           0.35312290880681046,
           0.2703157302394248,
           0.3515679666773869,
           0.4133940486908135,
           0.3656473014850011,
           -0.2923871014039469,
           0.5495903962770768,
           0.5220356176108154,
           0.4760393906187213,
           0.4586833659275695,
           0.06240306205381935
          ],
          [
           0.11356018230713166,
           0.12392141819180433,
           0.9400687475883474,
           0.9401566009528443,
           0.9979264030152283,
           1,
           0.35298334954613714,
           0.27116407067198933,
           0.3540828266881471,
           0.41547124993052836,
           0.36771822210479455,
           -0.2945112810478102,
           0.5500352706031313,
           0.522883473651885,
           0.47920557983112305,
           0.46024953927764917,
           0.06274996392780136
          ],
          [
           0.030064847731760044,
           0.03485605700301979,
           0.3731002793716764,
           0.3730286830730644,
           0.35312290880681046,
           0.35298334954613714,
           1,
           0.11939541896955727,
           0.13986735275404724,
           0.14914565772877456,
           0.12681472986348083,
           -0.10373131701667243,
           0.19061912083854446,
           0.17201903933511742,
           0.16530854459946306,
           0.1533822853308511,
           0.023807901929303262
          ],
          [
           0.10857713071810537,
           0.137177151029378,
           0.20761180850261185,
           0.2060385525749096,
           0.2703157302394248,
           0.27116407067198933,
           0.11939541896955727,
           1,
           0.5451168505268823,
           0.3619185279162168,
           0.16062550231879133,
           -0.1418382005494643,
           0.3200737221546211,
           0.25218415142522727,
           0.3726912232518179,
           0.1973002027477572,
           0.04285271146606025
          ],
          [
           0.045425879126339656,
           0.049511995717939225,
           0.3072980835769687,
           0.3010073630534895,
           0.3515679666773869,
           0.3540828266881471,
           0.13986735275404724,
           0.5451168505268823,
           1,
           0.2917054416281618,
           0.1924415965338302,
           -0.16426681305525093,
           0.29284013142879933,
           0.27345212988219486,
           0.33109622503636355,
           0.25117496739069184,
           0.03137392533138847
          ],
          [
           0.2169208801573137,
           0.2673554272709081,
           0.32656510034793357,
           0.3223172688907864,
           0.4133940486908135,
           0.41547124993052836,
           0.14914565772877456,
           0.3619185279162168,
           0.2917054416281618,
           1,
           0.3524316309668876,
           -0.07255231929192697,
           0.44331816519218953,
           0.5380293903510657,
           0.8121563109950513,
           0.43778050969112764,
           0.06264344410047337
          ],
          [
           0.09066414190170462,
           0.10701289767499372,
           0.3660851491736231,
           0.36386652586785523,
           0.3656473014850011,
           0.36771822210479455,
           0.12681472986348083,
           0.16062550231879133,
           0.1924415965338302,
           0.3524316309668876,
           1,
           -0.6518630521542517,
           0.22007558275044609,
           0.26991749703932066,
           0.4716083945694232,
           0.7323529105122503,
           0.3167765388050294
          ],
          [
           -0.07045368503348719,
           -0.07841989825992578,
           -0.2600904534727702,
           -0.25940066853882077,
           -0.2923871014039469,
           -0.2945112810478102,
           -0.10373131701667243,
           -0.1418382005494643,
           -0.16426681305525093,
           -0.07255231929192697,
           -0.6518630521542517,
           1,
           -0.2807641991598156,
           -0.2986706123134239,
           -0.3630139174221608,
           -0.6210446621189382,
           -0.30690709334584254
          ],
          [
           0.12417723316499724,
           0.13034147644701494,
           0.43875904116184483,
           0.44029999334786774,
           0.5495903962770768,
           0.5500352706031313,
           0.19061912083854446,
           0.3200737221546211,
           0.29284013142879933,
           0.44331816519218953,
           0.22007558275044609,
           -0.2807641991598156,
           1,
           0.8948432502610847,
           0.47089361888137005,
           0.39159813507452035,
           0.012767220177008251
          ],
          [
           0.15263091745584967,
           0.16652550568108382,
           0.42293096738831665,
           0.4240910138731513,
           0.5220356176108154,
           0.522883473651885,
           0.17201903933511742,
           0.25218415142522727,
           0.27345212988219486,
           0.5380293903510657,
           0.26991749703932066,
           -0.2986706123134239,
           0.8948432502610847,
           1,
           0.5736163309765099,
           0.44612000059988416,
           0.0049419566633408804
          ],
          [
           0.20554201091561716,
           0.24411934195178914,
           0.38610429251943446,
           0.3798737067648645,
           0.4760393906187213,
           0.47920557983112305,
           0.16530854459946306,
           0.3726912232518179,
           0.33109622503636355,
           0.8121563109950513,
           0.4716083945694232,
           -0.3630139174221608,
           0.47089361888137005,
           0.5736163309765099,
           1,
           0.5430936521075688,
           0.3197228814979169
          ],
          [
           0.09506050446709369,
           0.10850867434879763,
           0.43436859602291095,
           0.4342537597634545,
           0.4586833659275695,
           0.46024953927764917,
           0.1533822853308511,
           0.1973002027477572,
           0.25117496739069184,
           0.43778050969112764,
           0.7323529105122503,
           -0.6210446621189382,
           0.39159813507452035,
           0.44612000059988416,
           0.5430936521075688,
           1,
           0.33073221961095456
          ],
          [
           0.004502439987774794,
           0.003657216186704929,
           0.05650848876201329,
           0.0547800220092217,
           0.06240306205381935,
           0.06274996392780136,
           0.023807901929303262,
           0.04285271146606025,
           0.03137392533138847,
           0.06264344410047337,
           0.3167765388050294,
           -0.30690709334584254,
           0.012767220177008251,
           0.0049419566633408804,
           0.3197228814979169,
           0.33073221961095456,
           1
          ]
         ],
         "zmax": 1,
         "zmin": -1
        }
       ],
       "layout": {
        "height": 900,
        "template": {
         "data": {
          "bar": [
           {
            "error_x": {
             "color": "#2a3f5f"
            },
            "error_y": {
             "color": "#2a3f5f"
            },
            "marker": {
             "line": {
              "color": "#E5ECF6",
              "width": 0.5
             },
             "pattern": {
              "fillmode": "overlay",
              "size": 10,
              "solidity": 0.2
             }
            },
            "type": "bar"
           }
          ],
          "barpolar": [
           {
            "marker": {
             "line": {
              "color": "#E5ECF6",
              "width": 0.5
             },
             "pattern": {
              "fillmode": "overlay",
              "size": 10,
              "solidity": 0.2
             }
            },
            "type": "barpolar"
           }
          ],
          "carpet": [
           {
            "aaxis": {
             "endlinecolor": "#2a3f5f",
             "gridcolor": "white",
             "linecolor": "white",
             "minorgridcolor": "white",
             "startlinecolor": "#2a3f5f"
            },
            "baxis": {
             "endlinecolor": "#2a3f5f",
             "gridcolor": "white",
             "linecolor": "white",
             "minorgridcolor": "white",
             "startlinecolor": "#2a3f5f"
            },
            "type": "carpet"
           }
          ],
          "choropleth": [
           {
            "colorbar": {
             "outlinewidth": 0,
             "ticks": ""
            },
            "type": "choropleth"
           }
          ],
          "contour": [
           {
            "colorbar": {
             "outlinewidth": 0,
             "ticks": ""
            },
            "colorscale": [
             [
              0,
              "#0d0887"
             ],
             [
              0.1111111111111111,
              "#46039f"
             ],
             [
              0.2222222222222222,
              "#7201a8"
             ],
             [
              0.3333333333333333,
              "#9c179e"
             ],
             [
              0.4444444444444444,
              "#bd3786"
             ],
             [
              0.5555555555555556,
              "#d8576b"
             ],
             [
              0.6666666666666666,
              "#ed7953"
             ],
             [
              0.7777777777777778,
              "#fb9f3a"
             ],
             [
              0.8888888888888888,
              "#fdca26"
             ],
             [
              1,
              "#f0f921"
             ]
            ],
            "type": "contour"
           }
          ],
          "contourcarpet": [
           {
            "colorbar": {
             "outlinewidth": 0,
             "ticks": ""
            },
            "type": "contourcarpet"
           }
          ],
          "heatmap": [
           {
            "colorbar": {
             "outlinewidth": 0,
             "ticks": ""
            },
            "colorscale": [
             [
              0,
              "#0d0887"
             ],
             [
              0.1111111111111111,
              "#46039f"
             ],
             [
              0.2222222222222222,
              "#7201a8"
             ],
             [
              0.3333333333333333,
              "#9c179e"
             ],
             [
              0.4444444444444444,
              "#bd3786"
             ],
             [
              0.5555555555555556,
              "#d8576b"
             ],
             [
              0.6666666666666666,
              "#ed7953"
             ],
             [
              0.7777777777777778,
              "#fb9f3a"
             ],
             [
              0.8888888888888888,
              "#fdca26"
             ],
             [
              1,
              "#f0f921"
             ]
            ],
            "type": "heatmap"
           }
          ],
          "heatmapgl": [
           {
            "colorbar": {
             "outlinewidth": 0,
             "ticks": ""
            },
            "colorscale": [
             [
              0,
              "#0d0887"
             ],
             [
              0.1111111111111111,
              "#46039f"
             ],
             [
              0.2222222222222222,
              "#7201a8"
             ],
             [
              0.3333333333333333,
              "#9c179e"
             ],
             [
              0.4444444444444444,
              "#bd3786"
             ],
             [
              0.5555555555555556,
              "#d8576b"
             ],
             [
              0.6666666666666666,
              "#ed7953"
             ],
             [
              0.7777777777777778,
              "#fb9f3a"
             ],
             [
              0.8888888888888888,
              "#fdca26"
             ],
             [
              1,
              "#f0f921"
             ]
            ],
            "type": "heatmapgl"
           }
          ],
          "histogram": [
           {
            "marker": {
             "pattern": {
              "fillmode": "overlay",
              "size": 10,
              "solidity": 0.2
             }
            },
            "type": "histogram"
           }
          ],
          "histogram2d": [
           {
            "colorbar": {
             "outlinewidth": 0,
             "ticks": ""
            },
            "colorscale": [
             [
              0,
              "#0d0887"
             ],
             [
              0.1111111111111111,
              "#46039f"
             ],
             [
              0.2222222222222222,
              "#7201a8"
             ],
             [
              0.3333333333333333,
              "#9c179e"
             ],
             [
              0.4444444444444444,
              "#bd3786"
             ],
             [
              0.5555555555555556,
              "#d8576b"
             ],
             [
              0.6666666666666666,
              "#ed7953"
             ],
             [
              0.7777777777777778,
              "#fb9f3a"
             ],
             [
              0.8888888888888888,
              "#fdca26"
             ],
             [
              1,
              "#f0f921"
             ]
            ],
            "type": "histogram2d"
           }
          ],
          "histogram2dcontour": [
           {
            "colorbar": {
             "outlinewidth": 0,
             "ticks": ""
            },
            "colorscale": [
             [
              0,
              "#0d0887"
             ],
             [
              0.1111111111111111,
              "#46039f"
             ],
             [
              0.2222222222222222,
              "#7201a8"
             ],
             [
              0.3333333333333333,
              "#9c179e"
             ],
             [
              0.4444444444444444,
              "#bd3786"
             ],
             [
              0.5555555555555556,
              "#d8576b"
             ],
             [
              0.6666666666666666,
              "#ed7953"
             ],
             [
              0.7777777777777778,
              "#fb9f3a"
             ],
             [
              0.8888888888888888,
              "#fdca26"
             ],
             [
              1,
              "#f0f921"
             ]
            ],
            "type": "histogram2dcontour"
           }
          ],
          "mesh3d": [
           {
            "colorbar": {
             "outlinewidth": 0,
             "ticks": ""
            },
            "type": "mesh3d"
           }
          ],
          "parcoords": [
           {
            "line": {
             "colorbar": {
              "outlinewidth": 0,
              "ticks": ""
             }
            },
            "type": "parcoords"
           }
          ],
          "pie": [
           {
            "automargin": true,
            "type": "pie"
           }
          ],
          "scatter": [
           {
            "fillpattern": {
             "fillmode": "overlay",
             "size": 10,
             "solidity": 0.2
            },
            "type": "scatter"
           }
          ],
          "scatter3d": [
           {
            "line": {
             "colorbar": {
              "outlinewidth": 0,
              "ticks": ""
             }
            },
            "marker": {
             "colorbar": {
              "outlinewidth": 0,
              "ticks": ""
             }
            },
            "type": "scatter3d"
           }
          ],
          "scattercarpet": [
           {
            "marker": {
             "colorbar": {
              "outlinewidth": 0,
              "ticks": ""
             }
            },
            "type": "scattercarpet"
           }
          ],
          "scattergeo": [
           {
            "marker": {
             "colorbar": {
              "outlinewidth": 0,
              "ticks": ""
             }
            },
            "type": "scattergeo"
           }
          ],
          "scattergl": [
           {
            "marker": {
             "colorbar": {
              "outlinewidth": 0,
              "ticks": ""
             }
            },
            "type": "scattergl"
           }
          ],
          "scattermapbox": [
           {
            "marker": {
             "colorbar": {
              "outlinewidth": 0,
              "ticks": ""
             }
            },
            "type": "scattermapbox"
           }
          ],
          "scatterpolar": [
           {
            "marker": {
             "colorbar": {
              "outlinewidth": 0,
              "ticks": ""
             }
            },
            "type": "scatterpolar"
           }
          ],
          "scatterpolargl": [
           {
            "marker": {
             "colorbar": {
              "outlinewidth": 0,
              "ticks": ""
             }
            },
            "type": "scatterpolargl"
           }
          ],
          "scatterternary": [
           {
            "marker": {
             "colorbar": {
              "outlinewidth": 0,
              "ticks": ""
             }
            },
            "type": "scatterternary"
           }
          ],
          "surface": [
           {
            "colorbar": {
             "outlinewidth": 0,
             "ticks": ""
            },
            "colorscale": [
             [
              0,
              "#0d0887"
             ],
             [
              0.1111111111111111,
              "#46039f"
             ],
             [
              0.2222222222222222,
              "#7201a8"
             ],
             [
              0.3333333333333333,
              "#9c179e"
             ],
             [
              0.4444444444444444,
              "#bd3786"
             ],
             [
              0.5555555555555556,
              "#d8576b"
             ],
             [
              0.6666666666666666,
              "#ed7953"
             ],
             [
              0.7777777777777778,
              "#fb9f3a"
             ],
             [
              0.8888888888888888,
              "#fdca26"
             ],
             [
              1,
              "#f0f921"
             ]
            ],
            "type": "surface"
           }
          ],
          "table": [
           {
            "cells": {
             "fill": {
              "color": "#EBF0F8"
             },
             "line": {
              "color": "white"
             }
            },
            "header": {
             "fill": {
              "color": "#C8D4E3"
             },
             "line": {
              "color": "white"
             }
            },
            "type": "table"
           }
          ]
         },
         "layout": {
          "annotationdefaults": {
           "arrowcolor": "#2a3f5f",
           "arrowhead": 0,
           "arrowwidth": 1
          },
          "autotypenumbers": "strict",
          "coloraxis": {
           "colorbar": {
            "outlinewidth": 0,
            "ticks": ""
           }
          },
          "colorscale": {
           "diverging": [
            [
             0,
             "#8e0152"
            ],
            [
             0.1,
             "#c51b7d"
            ],
            [
             0.2,
             "#de77ae"
            ],
            [
             0.3,
             "#f1b6da"
            ],
            [
             0.4,
             "#fde0ef"
            ],
            [
             0.5,
             "#f7f7f7"
            ],
            [
             0.6,
             "#e6f5d0"
            ],
            [
             0.7,
             "#b8e186"
            ],
            [
             0.8,
             "#7fbc41"
            ],
            [
             0.9,
             "#4d9221"
            ],
            [
             1,
             "#276419"
            ]
           ],
           "sequential": [
            [
             0,
             "#0d0887"
            ],
            [
             0.1111111111111111,
             "#46039f"
            ],
            [
             0.2222222222222222,
             "#7201a8"
            ],
            [
             0.3333333333333333,
             "#9c179e"
            ],
            [
             0.4444444444444444,
             "#bd3786"
            ],
            [
             0.5555555555555556,
             "#d8576b"
            ],
            [
             0.6666666666666666,
             "#ed7953"
            ],
            [
             0.7777777777777778,
             "#fb9f3a"
            ],
            [
             0.8888888888888888,
             "#fdca26"
            ],
            [
             1,
             "#f0f921"
            ]
           ],
           "sequentialminus": [
            [
             0,
             "#0d0887"
            ],
            [
             0.1111111111111111,
             "#46039f"
            ],
            [
             0.2222222222222222,
             "#7201a8"
            ],
            [
             0.3333333333333333,
             "#9c179e"
            ],
            [
             0.4444444444444444,
             "#bd3786"
            ],
            [
             0.5555555555555556,
             "#d8576b"
            ],
            [
             0.6666666666666666,
             "#ed7953"
            ],
            [
             0.7777777777777778,
             "#fb9f3a"
            ],
            [
             0.8888888888888888,
             "#fdca26"
            ],
            [
             1,
             "#f0f921"
            ]
           ]
          },
          "colorway": [
           "#636efa",
           "#EF553B",
           "#00cc96",
           "#ab63fa",
           "#FFA15A",
           "#19d3f3",
           "#FF6692",
           "#B6E880",
           "#FF97FF",
           "#FECB52"
          ],
          "font": {
           "color": "#2a3f5f"
          },
          "geo": {
           "bgcolor": "white",
           "lakecolor": "white",
           "landcolor": "#E5ECF6",
           "showlakes": true,
           "showland": true,
           "subunitcolor": "white"
          },
          "hoverlabel": {
           "align": "left"
          },
          "hovermode": "closest",
          "mapbox": {
           "style": "light"
          },
          "paper_bgcolor": "white",
          "plot_bgcolor": "#E5ECF6",
          "polar": {
           "angularaxis": {
            "gridcolor": "white",
            "linecolor": "white",
            "ticks": ""
           },
           "bgcolor": "#E5ECF6",
           "radialaxis": {
            "gridcolor": "white",
            "linecolor": "white",
            "ticks": ""
           }
          },
          "scene": {
           "xaxis": {
            "backgroundcolor": "#E5ECF6",
            "gridcolor": "white",
            "gridwidth": 2,
            "linecolor": "white",
            "showbackground": true,
            "ticks": "",
            "zerolinecolor": "white"
           },
           "yaxis": {
            "backgroundcolor": "#E5ECF6",
            "gridcolor": "white",
            "gridwidth": 2,
            "linecolor": "white",
            "showbackground": true,
            "ticks": "",
            "zerolinecolor": "white"
           },
           "zaxis": {
            "backgroundcolor": "#E5ECF6",
            "gridcolor": "white",
            "gridwidth": 2,
            "linecolor": "white",
            "showbackground": true,
            "ticks": "",
            "zerolinecolor": "white"
           }
          },
          "shapedefaults": {
           "line": {
            "color": "#2a3f5f"
           }
          },
          "ternary": {
           "aaxis": {
            "gridcolor": "white",
            "linecolor": "white",
            "ticks": ""
           },
           "baxis": {
            "gridcolor": "white",
            "linecolor": "white",
            "ticks": ""
           },
           "bgcolor": "#E5ECF6",
           "caxis": {
            "gridcolor": "white",
            "linecolor": "white",
            "ticks": ""
           }
          },
          "title": {
           "x": 0.05
          },
          "xaxis": {
           "automargin": true,
           "gridcolor": "white",
           "linecolor": "white",
           "ticks": "",
           "title": {
            "standoff": 15
           },
           "zerolinecolor": "white",
           "zerolinewidth": 2
          },
          "yaxis": {
           "automargin": true,
           "gridcolor": "white",
           "linecolor": "white",
           "ticks": "",
           "title": {
            "standoff": 15
           },
           "zerolinecolor": "white",
           "zerolinewidth": 2
          }
         }
        },
        "width": 900,
        "xaxis": {
         "tickangle": -45
        },
        "yaxis": {
         "autorange": "reversed"
        }
       }
      }
     },
     "metadata": {},
     "output_type": "display_data"
    }
   ],
   "source": [
    "# Assuming you have the 'raw' DataFrame defined\n",
    "\n",
    "corr = raw.corr()\n",
    "\n",
    "# Generate a mask for the upper triangle\n",
    "mask = np.triu(np.ones_like(corr, dtype=bool))\n",
    "\n",
    "# Create the heatmap trace\n",
    "heatmap = go.Heatmap(\n",
    "    z=corr.values,\n",
    "    x=corr.columns.tolist(),\n",
    "    y=corr.index.tolist(),\n",
    "    # color from blue to red\n",
    "    colorscale='RdBu',\n",
    "    #colorscale='RdYlGn', \n",
    "    # add text in each cell\n",
