{
 "cells": [
  {
   "cell_type": "markdown",
   "metadata": {},
   "source": [
    "# Correlation Analysis\n"
   ]
  },
  {
   "cell_type": "code",
   "execution_count": 1,
   "metadata": {},
   "outputs": [
    {
     "name": "stderr",
     "output_type": "stream",
     "text": [
      "2024-11-19 11:09:26.959 | INFO     | fault_management_uds.config:<module>:11 - PROJ_ROOT path is: /Users/arond.jacobsen/Documents/GitHub/fault_management_uds\n"
     ]
    }
   ],
   "source": [
    "import os\n",
    "import numpy as np\n",
    "import pandas as pd\n",
    "import matplotlib.pyplot as plt\n",
    "from tqdm import tqdm\n",
    "import seaborn as sns\n",
    "import plotly.graph_objects as go\n",
    "\n",
    "\n",
    "\n",
    "\n",
    "from fault_management_uds.data.load import import_external_metadata, import_metadata\n",
    "from fault_management_uds.data.HDF5_functions import print_tree, load_dataframe_from_HDF5\n",
    "from fault_management_uds.plots import visualize_indicator_dict\n",
    "\n",
    "\n",
    "\n",
    "from fault_management_uds.config import PROJ_ROOT\n",
    "from fault_management_uds.config import DATA_DIR, RAW_DATA_DIR, INTERIM_DATA_DIR, PROCESSED_DATA_DIR, EXTERNAL_DATA_DIR\n",
    "from fault_management_uds.config import MODELS_DIR, REPORTS_DIR, FIGURES_DIR, REFERENCE_DIR\n",
    "from fault_management_uds.config import natural_sensor_order, natural_structure_order, structure_2_sensor, error_indicators, bools_2_meta, rain_gauges"
   ]
  },
  {
   "cell_type": "code",
   "execution_count": 55,
   "metadata": {},
   "outputs": [
    {
     "name": "stdout",
     "output_type": "stream",
     "text": [
      "root\n",
      "├── combined_data\n",
      "│   ├── clean\n",
      "│   │   ├── columns\n",
      "│   │   ├── data\n",
      "│   │   └── timestamps\n",
      "│   └── raw\n",
      "│       ├── columns\n",
      "│       ├── data\n",
      "│       └── timestamps\n",
      "└── single_series\n",
      "    ├── rain_gauge_data\n",
      "    │   ├── 5425\n",
      "    │   │   ├── columns\n",
      "    │   │   ├── data\n",
      "    │   │   └── timestamps\n",
      "    │   └── 5427\n",
      "    │       ├── columns\n",
      "    │       ├── data\n",
      "    │       └── timestamps\n",
      "    └── sewer_data\n",
      "        ├── G71F04R_Level1\n",
      "        │   ├── bools\n",
      "        │   │   ├── columns\n",
      "        │   │   ├── data\n",
      "        │   │   └── timestamps\n",
      "        │   ├── clean\n",
      "        │   │   ├── columns\n",
      "        │   │   ├── data\n",
      "        │   │   └── timestamps\n",
      "        │   └── raw\n",
      "        │       ├── columns\n",
      "        │       ├── data\n",
      "        │       └── timestamps\n",
      "        ├── G71F04R_Level2\n",
      "        │   ├── bools\n",
      "        │   │   ├── columns\n",
      "        │   │   ├── data\n",
      "        │   │   └── timestamps\n",
      "        │   ├── clean\n",
      "        │   │   ├── columns\n",
      "        │   │   ├── data\n",
      "        │   │   └── timestamps\n",
      "        │   └── raw\n",
      "        │       ├── columns\n",
      "        │       ├── data\n",
      "        │       └── timestamps\n",
      "        ├── G71F05R_LevelBasin\n",
      "        │   ├── bools\n",
      "        │   │   ├── columns\n",
      "        │   │   ├── data\n",
      "        │   │   └── timestamps\n",
      "        │   ├── clean\n",
      "        │   │   ├── columns\n",
      "        │   │   ├── data\n",
      "        │   │   └── timestamps\n",
      "        │   └── raw\n",
      "        │       ├── columns\n",
      "        │       ├── data\n",
      "        │       └── timestamps\n",
      "        ├── G71F05R_LevelInlet\n",
      "        │   ├── bools\n",
      "        │   │   ├── columns\n",
      "        │   │   ├── data\n",
      "        │   │   └── timestamps\n",
      "        │   ├── clean\n",
      "        │   │   ├── columns\n",
      "        │   │   ├── data\n",
      "        │   │   └── timestamps\n",
      "        │   └── raw\n",
      "        │       ├── columns\n",
      "        │       ├── data\n",
      "        │       └── timestamps\n",
      "        ├── G71F05R_position\n",
      "        │   ├── bools\n",
      "        │   │   ├── columns\n",
      "        │   │   ├── data\n",
      "        │   │   └── timestamps\n",
      "        │   ├── clean\n",
      "        │   │   ├── columns\n",
      "        │   │   ├── data\n",
      "        │   │   └── timestamps\n",
      "        │   └── raw\n",
      "        │       ├── columns\n",
      "        │       ├── data\n",
      "        │       └── timestamps\n",
      "        ├── G71F06R_LevelInlet\n",
      "        │   ├── bools\n",
      "        │   │   ├── columns\n",
      "        │   │   ├── data\n",
      "        │   │   └── timestamps\n",
      "        │   ├── clean\n",
      "        │   │   ├── columns\n",
      "        │   │   ├── data\n",
      "        │   │   └── timestamps\n",
      "        │   └── raw\n",
      "        │       ├── columns\n",
      "        │       ├── data\n",
      "        │       └── timestamps\n",
      "        ├── G71F68Y_LevelPS\n",
      "        │   ├── bools\n",
      "        │   │   ├── columns\n",
      "        │   │   ├── data\n",
      "        │   │   └── timestamps\n",
      "        │   ├── clean\n",
      "        │   │   ├── columns\n",
      "        │   │   ├── data\n",
      "        │   │   └── timestamps\n",
      "        │   └── raw\n",
      "        │       ├── columns\n",
      "        │       ├── data\n",
      "        │       └── timestamps\n",
      "        ├── G71F68Yp1\n",
      "        │   ├── bools\n",
      "        │   │   ├── columns\n",
      "        │   │   ├── data\n",
      "        │   │   └── timestamps\n",
      "        │   ├── clean\n",
      "        │   │   ├── columns\n",
      "        │   │   ├── data\n",
      "        │   │   └── timestamps\n",
      "        │   └── raw\n",
      "        │       ├── columns\n",
      "        │       ├── data\n",
      "        │       └── timestamps\n",
      "        ├── G71F68Yp1_power\n",
      "        │   ├── bools\n",
      "        │   │   ├── columns\n",
      "        │   │   ├── data\n",
      "        │   │   └── timestamps\n",
      "        │   ├── clean\n",
      "        │   │   ├── columns\n",
      "        │   │   ├── data\n",
      "        │   │   └── timestamps\n",
      "        │   └── raw\n",
      "        │       ├── columns\n",
      "        │       ├── data\n",
      "        │       └── timestamps\n",
      "        ├── G71F68Yp2_power\n",
      "        │   ├── bools\n",
      "        │   │   ├── columns\n",
      "        │   │   ├── data\n",
      "        │   │   └── timestamps\n",
      "        │   ├── clean\n",
      "        │   │   ├── columns\n",
      "        │   │   ├── data\n",
      "        │   │   └── timestamps\n",
      "        │   └── raw\n",
      "        │       ├── columns\n",
      "        │       ├── data\n",
      "        │       └── timestamps\n",
      "        ├── G72F040\n",
      "        │   ├── bools\n",
      "        │   │   ├── columns\n",
      "        │   │   ├── data\n",
      "        │   │   └── timestamps\n",
      "        │   ├── clean\n",
      "        │   │   ├── columns\n",
      "        │   │   ├── data\n",
      "        │   │   └── timestamps\n",
      "        │   └── raw\n",
      "        │       ├── columns\n",
      "        │       ├── data\n",
      "        │       └── timestamps\n",
      "        ├── G73F010\n",
      "        │   ├── bools\n",
      "        │   │   ├── columns\n",
      "        │   │   ├── data\n",
      "        │   │   └── timestamps\n",
      "        │   ├── clean\n",
      "        │   │   ├── columns\n",
      "        │   │   ├── data\n",
      "        │   │   └── timestamps\n",
      "        │   └── raw\n",
      "        │       ├── columns\n",
      "        │       ├── data\n",
      "        │       └── timestamps\n",
      "        ├── G80F11B_Level1\n",
      "        │   ├── bools\n",
      "        │   │   ├── columns\n",
      "        │   │   ├── data\n",
      "        │   │   └── timestamps\n",
      "        │   ├── clean\n",
      "        │   │   ├── columns\n",
      "        │   │   ├── data\n",
      "        │   │   └── timestamps\n",
      "        │   └── raw\n",
      "        │       ├── columns\n",
      "        │       ├── data\n",
      "        │       └── timestamps\n",
      "        ├── G80F11B_Level2\n",
      "        │   ├── bools\n",
      "        │   │   ├── columns\n",
      "        │   │   ├── data\n",
      "        │   │   └── timestamps\n",
      "        │   ├── clean\n",
      "        │   │   ├── columns\n",
      "        │   │   ├── data\n",
      "        │   │   └── timestamps\n",
      "        │   └── raw\n",
      "        │       ├── columns\n",
      "        │       ├── data\n",
      "        │       └── timestamps\n",
      "        ├── G80F13P_LevelPS\n",
      "        │   ├── bools\n",
      "        │   │   ├── columns\n",
      "        │   │   ├── data\n",
      "        │   │   └── timestamps\n",
      "        │   ├── clean\n",
      "        │   │   ├── columns\n",
      "        │   │   ├── data\n",
      "        │   │   └── timestamps\n",
      "        │   └── raw\n",
      "        │       ├── columns\n",
      "        │       ├── data\n",
      "        │       └── timestamps\n",
      "        ├── G80F13Pp1_power\n",
      "        │   ├── bools\n",
      "        │   │   ├── columns\n",
      "        │   │   ├── data\n",
      "        │   │   └── timestamps\n",
      "        │   ├── clean\n",
      "        │   │   ├── columns\n",
      "        │   │   ├── data\n",
      "        │   │   └── timestamps\n",
      "        │   └── raw\n",
      "        │       ├── columns\n",
      "        │       ├── data\n",
      "        │       └── timestamps\n",
      "        ├── G80F13Pp2_power\n",
      "        │   ├── bools\n",
      "        │   │   ├── columns\n",
      "        │   │   ├── data\n",
      "        │   │   └── timestamps\n",
      "        │   ├── clean\n",
      "        │   │   ├── columns\n",
      "        │   │   ├── data\n",
      "        │   │   └── timestamps\n",
      "        │   └── raw\n",
      "        │       ├── columns\n",
      "        │       ├── data\n",
      "        │       └── timestamps\n",
      "        ├── G80F66Y_Level1\n",
      "        │   ├── bools\n",
      "        │   │   ├── columns\n",
      "        │   │   ├── data\n",
      "        │   │   └── timestamps\n",
      "        │   ├── clean\n",
      "        │   │   ├── columns\n",
      "        │   │   ├── data\n",
      "        │   │   └── timestamps\n",
      "        │   └── raw\n",
      "        │       ├── columns\n",
      "        │       ├── data\n",
      "        │       └── timestamps\n",
      "        └── G80F66Y_Level2\n",
      "            ├── bools\n",
      "            │   ├── columns\n",
      "            │   ├── data\n",
      "            │   └── timestamps\n",
      "            ├── clean\n",
      "            │   ├── columns\n",
      "            │   ├── data\n",
      "            │   └── timestamps\n",
      "            └── raw\n",
      "                ├── columns\n",
      "                ├── data\n",
      "                └── timestamps\n"
     ]
    }
   ],
   "source": [
    "data_file_path = PROCESSED_DATA_DIR / 'Bellinge.h5'\n",
    "f = print_tree(data_file_path)"
   ]
  },
  {
   "cell_type": "code",
   "execution_count": 56,
   "metadata": {},
   "outputs": [],
   "source": [
    "sensor_metadata = import_metadata(REFERENCE_DIR / 'sensor_metadata.csv')\n",
    "external_metadata = import_metadata(REFERENCE_DIR / 'external_metadata.csv')\n",
    "starttime = sensor_metadata['StartTime'].min()\n",
    "endtime = sensor_metadata['EndTime'].max()"
   ]
  },
  {
   "cell_type": "code",
   "execution_count": 57,
   "metadata": {},
   "outputs": [],
   "source": [
    "save_folder = FIGURES_DIR / 'analysis' / 'correlation'\n",
    "os.makedirs(save_folder, exist_ok=True)"
   ]
  },
  {
   "cell_type": "markdown",
   "metadata": {},
   "source": [
    "### Load clean data"
   ]
  },
  {
   "cell_type": "code",
   "execution_count": 58,
   "metadata": {},
   "outputs": [],
   "source": [
    "clean, _, _, _ = load_dataframe_from_HDF5(data_file_path, 'combined_data/clean')"
   ]
  },
  {
   "cell_type": "code",
   "execution_count": 59,
   "metadata": {},
   "outputs": [],
   "source": [
    "# restructure columns\n",
    "clean = clean[rain_gauges + natural_sensor_order]"
   ]
  },
  {
   "cell_type": "markdown",
   "metadata": {},
   "source": [
    "### Load rain events"
   ]
  },
  {
   "cell_type": "code",
   "execution_count": 60,
   "metadata": {},
   "outputs": [
    {
     "name": "stdout",
     "output_type": "stream",
     "text": [
      "(2033, 4)\n"
     ]
    },
    {
     "data": {
      "text/html": [
       "<div>\n",
       "<style scoped>\n",
       "    .dataframe tbody tr th:only-of-type {\n",
       "        vertical-align: middle;\n",
       "    }\n",
       "\n",
       "    .dataframe tbody tr th {\n",
       "        vertical-align: top;\n",
       "    }\n",
       "\n",
       "    .dataframe thead th {\n",
       "        text-align: right;\n",
       "    }\n",
       "</style>\n",
       "<table border=\"1\" class=\"dataframe\">\n",
       "  <thead>\n",
       "    <tr style=\"text-align: right;\">\n",
       "      <th></th>\n",
       "      <th>start</th>\n",
       "      <th>end</th>\n",
       "      <th>duration</th>\n",
       "      <th>total_rain</th>\n",
       "    </tr>\n",
       "  </thead>\n",
       "  <tbody>\n",
       "    <tr>\n",
       "      <th>0</th>\n",
       "      <td>2010-01-11 18:37:00</td>\n",
       "      <td>2010-01-12 03:12:00</td>\n",
       "      <td>530</td>\n",
       "      <td>123.296</td>\n",
       "    </tr>\n",
       "    <tr>\n",
       "      <th>1</th>\n",
       "      <td>2010-01-27 13:53:00</td>\n",
       "      <td>2010-01-27 16:17:00</td>\n",
       "      <td>159</td>\n",
       "      <td>36.689</td>\n",
       "    </tr>\n",
       "    <tr>\n",
       "      <th>2</th>\n",
       "      <td>2010-01-29 23:51:00</td>\n",
       "      <td>2010-01-30 02:21:00</td>\n",
       "      <td>165</td>\n",
       "      <td>43.327</td>\n",
       "    </tr>\n",
       "    <tr>\n",
       "      <th>3</th>\n",
       "      <td>2010-01-31 02:53:00</td>\n",
       "      <td>2010-01-31 03:48:00</td>\n",
       "      <td>70</td>\n",
       "      <td>23.345</td>\n",
       "    </tr>\n",
       "    <tr>\n",
       "      <th>4</th>\n",
       "      <td>2010-02-02 11:22:00</td>\n",
       "      <td>2010-02-02 15:20:00</td>\n",
       "      <td>253</td>\n",
       "      <td>69.968</td>\n",
       "    </tr>\n",
       "  </tbody>\n",
       "</table>\n",
       "</div>"
      ],
      "text/plain": [
       "                start                 end  duration  total_rain\n",
       "0 2010-01-11 18:37:00 2010-01-12 03:12:00       530     123.296\n",
       "1 2010-01-27 13:53:00 2010-01-27 16:17:00       159      36.689\n",
       "2 2010-01-29 23:51:00 2010-01-30 02:21:00       165      43.327\n",
       "3 2010-01-31 02:53:00 2010-01-31 03:48:00        70      23.345\n",
       "4 2010-02-02 11:22:00 2010-02-02 15:20:00       253      69.968"
      ]
     },
     "execution_count": 60,
     "metadata": {},
     "output_type": "execute_result"
    }
   ],
   "source": [
    "# load the rain events\n",
    "rain_events = pd.read_csv(REFERENCE_DIR / 'clf_rain_events.csv')\n",
    "rain_events['start'] = pd.to_datetime(rain_events['start'])\n",
    "rain_events['end'] = pd.to_datetime(rain_events['end'])\n",
    "print(rain_events.shape)\n",
    "rain_events.head()"
   ]
  },
  {
   "cell_type": "markdown",
   "metadata": {},
   "source": [
    "### Filter data\n",
    "\n",
    "- add hour buffer"
   ]
  },
  {
   "cell_type": "code",
   "execution_count": 61,
   "metadata": {},
   "outputs": [],
   "source": [
    "# filter data to only include rain events\n",
    "# - want 3 hours before and 3 hours after\n",
    "timestamps = []\n",
    "for _, row in rain_events.iterrows():\n",
    "    timestamps.extend(pd.date_range(row['start'] - pd.Timedelta(hours=5), row['end'] + pd.Timedelta(hours=5), freq='1min'))\n",
    "\n",
    "filtered_clean = clean.loc[timestamps].copy()"
   ]
  },
  {
   "cell_type": "markdown",
   "metadata": {},
   "source": [
    "## Matrix correlation"
   ]
  },
  {
   "cell_type": "code",
   "execution_count": 62,
   "metadata": {},
   "outputs": [],
   "source": [
    "corr = clean.corr()\n",
    "\n",
    "\n",
    "# Create the mask\n",
    "mask = np.triu(np.ones_like(corr, dtype=bool))\n",
    "\n",
    "# Apply the mask to the correlation matrix\n",
    "masked_corr = corr.mask(mask)\n"
   ]
  },
  {
   "cell_type": "code",
   "execution_count": 63,
   "metadata": {},
   "outputs": [
    {
     "data": {
      "application/vnd.plotly.v1+json": {
       "config": {
        "plotlyServerURL": "https://plot.ly"
       },
       "data": [
        {
         "colorscale": [
          [
           0,
           "rgb(103,0,31)"
          ],
          [
           0.1,
           "rgb(178,24,43)"
          ],
          [
           0.2,
           "rgb(214,96,77)"
          ],
          [
           0.3,
           "rgb(244,165,130)"
          ],
          [
           0.4,
           "rgb(253,219,199)"
          ],
          [
           0.5,
           "rgb(247,247,247)"
          ],
          [
           0.6,
           "rgb(209,229,240)"
          ],
          [
           0.7,
           "rgb(146,197,222)"
          ],
          [
           0.8,
           "rgb(67,147,195)"
          ],
          [
           0.9,
           "rgb(33,102,172)"
          ],
          [
           1,
           "rgb(5,48,97)"
          ]
         ],
         "hovertemplate": "Correlation: %{text:.2f}<extra></extra><br>%{y}<br>%{x}",
         "reversescale": false,
         "showscale": true,
         "text": [
          [
           1,
           0.29834196584136846,
           0.13200513645310935,
           0.132198830144323,
           0.17836480529468499,
           0.17861205361220112,
           0.024154963939645988,
           0.05498810997850667,
           0.04064011022039283,
           0.265880722643028,
           0.41051409443697934,
           0.26009958028941216,
           0.09204985297474293,
           -0.11541935847421186,
           0.2339499138042661,
           0.2294402391629847,
           0.14130560661678884,
           0.10086306467410802,
           0.0028549468628781814,
           0.005832650772821083,
           0.009943651307949547
          ],
          [
           0.29834196584136846,
           1,
           0.1198973424436385,
           0.12024754145037947,
           0.16025802741992023,
           0.16043172506119885,
           0.026009539783353585,
           0.056721858092120235,
           0.04085192546309389,
           0.302618754422572,
           0.4777056083716255,
           0.2921307638203401,
           0.10203152233682687,
           -0.11772091072633147,
           0.2503536539734894,
           0.24605750089931616,
           0.15340870203374163,
           0.1077517770950845,
           0.002038431101031533,
           0.003429583511572191,
           0.011977462440961798
          ],
          [
           0.13200513645310935,
           0.1198973424436385,
           1,
           0.9964756394930503,
           0.9327003512438438,
           0.9347314038784457,
           0.36661675152160245,
           0.24384399783667654,
           0.22778410594951093,
           0.44132335965377223,
           0.5172796811763812,
           0.44191677223658354,
           0.588932226252579,
           -0.3308348532511111,
           0.4517046765872563,
           0.4599253914756085,
           0.46559875643639226,
           0.5254165648364697,
           0.05984653441567151,
           0.04630324963181707,
           0.04313464442397953
          ],
          [
           0.132198830144323,
           0.12024754145037947,
           0.9964756394930503,
           1,
           0.9302536889085297,
           0.9322286470311927,
           0.3648776939052384,
           0.24084453111194962,
           0.22442455911958098,
           0.4330997399055917,
           0.5214322519773089,
           0.4309758630029505,
           0.5860612737149241,
           -0.33139269500749285,
           0.45080572271191327,
           0.45856283256256436,
           0.45624615324392137,
           0.5235076148924965,
           0.05607792896588578,
           0.043252216215132984,
           0.042539752279132335
          ],
          [
           0.17836480529468499,
           0.16025802741992023,
           0.9327003512438438,
           0.9302536889085297,
           1,
           0.9985184495470112,
           0.3464758468281917,
           0.30990304837739774,
           0.25787103677430645,
           0.5455029901366009,
           0.6244630259656773,
           0.5624399756496067,
           0.6132190100954957,
           -0.3839927568695966,
           0.55276811694171,
           0.5598884458151124,
           0.5832499429882524,
           0.5657737720093851,
           0.07355486030179834,
           0.0534138047877883,
           0.05865749152117282
          ],
          [
           0.17861205361220112,
           0.16043172506119885,
           0.9347314038784457,
           0.9322286470311927,
           0.9985184495470112,
           1,
           0.34713092537376095,
           0.3115137796252979,
           0.2589977114968363,
           0.550465451725619,
           0.6247629098825452,
           0.5657907300682639,
           0.6139008218919821,
           -0.3857480785208267,
           0.5531929132534195,
           0.5602219287366571,
           0.586611824535548,
           0.5659239632089269,
           0.0731452010322311,
           0.05309759570445981,
           0.058404564710240726
          ],
          [
           0.024154963939645988,
           0.026009539783353585,
           0.36661675152160245,
           0.3648776939052384,
           0.3464758468281917,
           0.34713092537376095,
           1,
           0.08260310381928047,
           0.06573791813269153,
           0.14480179947451247,
           0.1744623642875175,
           0.08854209421730404,
           0.059749101163662964,
           -0.0665084617787644,
           0.13178557373064556,
           0.08631414878664326,
           -0.0449055064523404,
           0.1043952354606569,
           0.01046388923214264,
           0.012290707418666273,
           0.002484007841399388
          ],
          [
           0.05498810997850667,
           0.056721858092120235,
           0.24384399783667654,
           0.24084453111194962,
           0.30990304837739774,
           0.3115137796252979,
           0.08260310381928047,
           1,
           0.2299162948281932,
           0.20355662765751617,
           0.38363573166145776,
           0.18635663916341808,
           0.1392408738315132,
           -0.15193557410124073,
           0.2418104225238821,
           0.16195193926167173,
           0.021559765633311953,
           0.17755211272764976,
           0.03358249345458097,
           0.02235157796660642,
           0.023301034120063967
          ],
          [
           0.04064011022039283,
           0.04085192546309389,
           0.22778410594951093,
           0.22442455911958098,
           0.25787103677430645,
           0.2589977114968363,
           0.06573791813269153,
           0.2299162948281932,
           1,
           0.10571778677094784,
           0.26498185884063363,
           0.12602305491553378,
           0.11846449298557192,
           -0.1201219908842454,
           0.20502889167142127,
           0.11965305102447472,
           -0.03811352740469936,
           0.14674527796743894,
           0.018562228604921824,
           0.00587626619184528,
           0.0040524147691509485
          ],
          [
           0.265880722643028,
           0.302618754422572,
           0.44132335965377223,
           0.4330997399055917,
           0.5455029901366009,
           0.550465451725619,
           0.14480179947451247,
           0.20355662765751617,
           0.10571778677094784,
           1,
           0.9638758587857721,
           0.8767410029256768,
           0.4466663408358998,
           -0.38533253830817477,
           0.6349669165134084,
           0.6340847347724019,
           0.8390426712405582,
           0.4488579245329419,
           0.07254753466122849,
           0.05328916087627893,
           0.04372790582905126
          ],
          [
           0.41051409443697934,
           0.4777056083716255,
           0.5172796811763812,
           0.5214322519773089,
           0.6244630259656773,
           0.6247629098825452,
           0.1744623642875175,
           0.38363573166145776,
           0.26498185884063363,
           0.9638758587857721,
           1,
           0.9741681455799317,
           0.5799816263355269,
           -0.5305877725090934,
           0.8483667842660111,
           0.8539193337406118,
           0.8545850812939533,
           0.5563262954500343,
           -0.0018877460207033043,
           -0.013872055238021229,
           0.014727949255389372
          ],
          [
           0.26009958028941216,
           0.2921307638203401,
           0.44191677223658354,
           0.4309758630029505,
           0.5624399756496067,
           0.5657907300682639,
           0.08854209421730404,
           0.18635663916341808,
           0.12602305491553378,
           0.8767410029256768,
           0.9741681455799317,
           1,
           0.39618954833360154,
           -0.47638193120099553,
           0.7115405721733518,
           0.7201599888728248,
           0.5875555020051295,
           0.4798520018418369,
           0.05602929861558733,
           0.05315145881869574,
           0.0454243373637685
          ],
          [
           0.09204985297474293,
           0.10203152233682687,
           0.588932226252579,
           0.5860612737149241,
           0.6132190100954957,
           0.6139008218919821,
           0.059749101163662964,
           0.1392408738315132,
           0.11846449298557192,
           0.4466663408358998,
           0.5799816263355269,
           0.39618954833360154,
           1,
           -0.7056018669421916,
           0.42950820319507504,
           0.38882628158998905,
           0.3403119434777385,
           0.682690387596593,
           0.3834534160853816,
           0.283098895655387,
           0.22628322070048074
          ],
          [
           -0.11541935847421186,
           -0.11772091072633147,
           -0.3308348532511111,
           -0.33139269500749285,
           -0.3839927568695966,
           -0.3857480785208267,
           -0.0665084617787644,
           -0.15193557410124073,
           -0.1201219908842454,
           -0.38533253830817477,
           -0.5305877725090934,
           -0.47638193120099553,
           -0.7056018669421916,
           1,
           -0.47539383827177684,
           -0.46002029105330783,
           -0.4192595888209998,
           -0.71772923351422,
           -0.3931207223096325,
           -0.2869537817369563,
           -0.23567677810525384
          ],
          [
           0.2339499138042661,
           0.2503536539734894,
           0.4517046765872563,
           0.45080572271191327,
           0.55276811694171,
           0.5531929132534195,
           0.13178557373064556,
           0.2418104225238821,
           0.20502889167142127,
           0.6349669165134084,
           0.8483667842660111,
           0.7115405721733518,
           0.42950820319507504,
           -0.47539383827177684,
           1,
           0.9849777572364674,
           0.5311711351793088,
           0.5277320447302776,
           0.019006379490188137,
           0.016628135194620076,
           0.05086040410024403
          ],
          [
           0.2294402391629847,
           0.24605750089931616,
           0.4599253914756085,
           0.45856283256256436,
           0.5598884458151124,
           0.5602219287366571,
           0.08631414878664326,
           0.16195193926167173,
           0.11965305102447472,
           0.6340847347724019,
           0.8539193337406118,
           0.7201599888728248,
           0.38882628158998905,
           -0.46002029105330783,
           0.9849777572364674,
           1,
           0.5034469785506142,
           0.45943210069651436,
           0.021054591993998804,
           0.01697666366923828,
           0.036127883361307435
          ],
          [
           0.14130560661678884,
           0.15340870203374163,
           0.46559875643639226,
           0.45624615324392137,
           0.5832499429882524,
           0.586611824535548,
           -0.0449055064523404,
           0.021559765633311953,
           -0.03811352740469936,
           0.8390426712405582,
           0.8545850812939533,
           0.5875555020051295,
           0.3403119434777385,
           -0.4192595888209998,
           0.5311711351793088,
           0.5034469785506142,
           1,
           0.3915292229773956,
           0.198982663308369,
           0.2747263688897825,
           0.2379132251897799
          ],
          [
           0.10086306467410802,
           0.1077517770950845,
           0.5254165648364697,
           0.5235076148924965,
           0.5657737720093851,
           0.5659239632089269,
           0.1043952354606569,
           0.17755211272764976,
           0.14674527796743894,
           0.4488579245329419,
           0.5563262954500343,
           0.4798520018418369,
           0.682690387596593,
           -0.71772923351422,
           0.5277320447302776,
           0.45943210069651436,
           0.3915292229773956,
           1,
           0.4017441658458396,
           0.3148811951363362,
           0.27752005023068593
          ],
          [
           0.0028549468628781814,
           0.002038431101031533,
           0.05984653441567151,
           0.05607792896588578,
           0.07355486030179834,
           0.0731452010322311,
           0.01046388923214264,
           0.03358249345458097,
           0.018562228604921824,
           0.07254753466122849,
           -0.0018877460207033043,
           0.05602929861558733,
           0.3834534160853816,
           -0.3931207223096325,
           0.019006379490188137,
           0.021054591993998804,
           0.198982663308369,
           0.4017441658458396,
           1,
           0.7381934821761633,
           0.5763898962515286
          ],
          [
           0.005832650772821083,
           0.003429583511572191,
           0.04630324963181707,
           0.043252216215132984,
           0.0534138047877883,
           0.05309759570445981,
           0.012290707418666273,
           0.02235157796660642,
           0.00587626619184528,
           0.05328916087627893,
           -0.013872055238021229,
           0.05315145881869574,
           0.283098895655387,
           -0.2869537817369563,
           0.016628135194620076,
           0.01697666366923828,
           0.2747263688897825,
           0.3148811951363362,
           0.7381934821761633,
           1,
           -0.013259778570537119
          ],
          [
           0.009943651307949547,
           0.011977462440961798,
           0.04313464442397953,
           0.042539752279132335,
           0.05865749152117282,
           0.058404564710240726,
           0.002484007841399388,
           0.023301034120063967,
           0.0040524147691509485,
           0.04372790582905126,
           0.014727949255389372,
           0.0454243373637685,
           0.22628322070048074,
           -0.23567677810525384,
           0.05086040410024403,
           0.036127883361307435,
           0.2379132251897799,
           0.27752005023068593,
           0.5763898962515286,
           -0.013259778570537119,
           1
          ]
         ],
         "texttemplate": "%{text:.2f}",
         "type": "heatmap",
         "x": [
          "5425",
          "5427",
          "G80F11B_Level1",
          "G80F11B_Level2",
          "G80F66Y_Level1",
          "G80F66Y_Level2",
          "G80F13P_LevelPS",
          "G80F13Pp1_power",
          "G80F13Pp2_power",
          "G73F010",
          "G72F040",
          "G71F05R_LevelInlet",
          "G71F05R_LevelBasin",
          "G71F05R_position",
          "G71F04R_Level1",
          "G71F04R_Level2",
          "G71F06R_LevelInlet",
          "G71F68Y_LevelPS",
          "G71F68Yp1",
          "G71F68Yp1_power",
          "G71F68Yp2_power"
         ],
         "xgap": 1,
         "y": [
          "5425",
          "5427",
          "G80F11B_Level1",
          "G80F11B_Level2",
          "G80F66Y_Level1",
          "G80F66Y_Level2",
          "G80F13P_LevelPS",
          "G80F13Pp1_power",
          "G80F13Pp2_power",
          "G73F010",
          "G72F040",
          "G71F05R_LevelInlet",
          "G71F05R_LevelBasin",
          "G71F05R_position",
          "G71F04R_Level1",
          "G71F04R_Level2",
          "G71F06R_LevelInlet",
          "G71F68Y_LevelPS",
          "G71F68Yp1",
          "G71F68Yp1_power",
          "G71F68Yp2_power"
         ],
         "ygap": 1,
         "z": [
          [
           1,
           0.29834196584136846,
           0.13200513645310935,
           0.132198830144323,
           0.17836480529468499,
           0.17861205361220112,
           0.024154963939645988,
           0.05498810997850667,
           0.04064011022039283,
           0.265880722643028,
           0.41051409443697934,
           0.26009958028941216,
           0.09204985297474293,
           -0.11541935847421186,
           0.2339499138042661,
           0.2294402391629847,
           0.14130560661678884,
           0.10086306467410802,
           0.0028549468628781814,
           0.005832650772821083,
           0.009943651307949547
          ],
          [
           0.29834196584136846,
           1,
           0.1198973424436385,
           0.12024754145037947,
           0.16025802741992023,
           0.16043172506119885,
           0.026009539783353585,
           0.056721858092120235,
           0.04085192546309389,
           0.302618754422572,
           0.4777056083716255,
           0.2921307638203401,
           0.10203152233682687,
           -0.11772091072633147,
           0.2503536539734894,
           0.24605750089931616,
           0.15340870203374163,
           0.1077517770950845,
           0.002038431101031533,
           0.003429583511572191,
           0.011977462440961798
          ],
          [
           0.13200513645310935,
           0.1198973424436385,
           1,
           0.9964756394930503,
           0.9327003512438438,
           0.9347314038784457,
           0.36661675152160245,
           0.24384399783667654,
           0.22778410594951093,
           0.44132335965377223,
           0.5172796811763812,
           0.44191677223658354,
           0.588932226252579,
           -0.3308348532511111,
           0.4517046765872563,
           0.4599253914756085,
           0.46559875643639226,
           0.5254165648364697,
           0.05984653441567151,
           0.04630324963181707,
           0.04313464442397953
          ],
          [
           0.132198830144323,
           0.12024754145037947,
           0.9964756394930503,
           1,
           0.9302536889085297,
           0.9322286470311927,
           0.3648776939052384,
           0.24084453111194962,
           0.22442455911958098,
           0.4330997399055917,
           0.5214322519773089,
           0.4309758630029505,
           0.5860612737149241,
           -0.33139269500749285,
           0.45080572271191327,
           0.45856283256256436,
           0.45624615324392137,
           0.5235076148924965,
           0.05607792896588578,
           0.043252216215132984,
           0.042539752279132335
          ],
          [
           0.17836480529468499,
           0.16025802741992023,
           0.9327003512438438,
           0.9302536889085297,
           1,
           0.9985184495470112,
           0.3464758468281917,
           0.30990304837739774,
           0.25787103677430645,
           0.5455029901366009,
           0.6244630259656773,
           0.5624399756496067,
           0.6132190100954957,
           -0.3839927568695966,
           0.55276811694171,
           0.5598884458151124,
           0.5832499429882524,
           0.5657737720093851,
           0.07355486030179834,
           0.0534138047877883,
           0.05865749152117282
          ],
          [
           0.17861205361220112,
           0.16043172506119885,
           0.9347314038784457,
           0.9322286470311927,
           0.9985184495470112,
           1,
           0.34713092537376095,
           0.3115137796252979,
           0.2589977114968363,
           0.550465451725619,
           0.6247629098825452,
           0.5657907300682639,
           0.6139008218919821,
           -0.3857480785208267,
           0.5531929132534195,
           0.5602219287366571,
           0.586611824535548,
           0.5659239632089269,
           0.0731452010322311,
           0.05309759570445981,
           0.058404564710240726
          ],
          [
           0.024154963939645988,
           0.026009539783353585,
           0.36661675152160245,
           0.3648776939052384,
           0.3464758468281917,
           0.34713092537376095,
           1,
           0.08260310381928047,
           0.06573791813269153,
           0.14480179947451247,
           0.1744623642875175,
           0.08854209421730404,
           0.059749101163662964,
           -0.0665084617787644,
           0.13178557373064556,
           0.08631414878664326,
           -0.0449055064523404,
           0.1043952354606569,
           0.01046388923214264,
           0.012290707418666273,
           0.002484007841399388
          ],
          [
           0.05498810997850667,
           0.056721858092120235,
           0.24384399783667654,
           0.24084453111194962,
           0.30990304837739774,
           0.3115137796252979,
           0.08260310381928047,
           1,
           0.2299162948281932,
           0.20355662765751617,
           0.38363573166145776,
           0.18635663916341808,
           0.1392408738315132,
           -0.15193557410124073,
           0.2418104225238821,
           0.16195193926167173,
           0.021559765633311953,
           0.17755211272764976,
           0.03358249345458097,
           0.02235157796660642,
           0.023301034120063967
          ],
          [
           0.04064011022039283,
           0.04085192546309389,
           0.22778410594951093,
           0.22442455911958098,
           0.25787103677430645,
           0.2589977114968363,
           0.06573791813269153,
           0.2299162948281932,
           1,
           0.10571778677094784,
           0.26498185884063363,
           0.12602305491553378,
           0.11846449298557192,
           -0.1201219908842454,
           0.20502889167142127,
           0.11965305102447472,
           -0.03811352740469936,
           0.14674527796743894,
           0.018562228604921824,
           0.00587626619184528,
           0.0040524147691509485
          ],
          [
           0.265880722643028,
           0.302618754422572,
           0.44132335965377223,
           0.4330997399055917,
